 MeshVersionFormatted 2
 Dimension
 3
 Vertices
 31
                    0                         0                         0      1
               0.0005                         0                         0      2
              -0.0005                         0                         0      3
                    0                    0.0005                         0      4
                    0                   -0.0005                         0      5
               0.0005                         0                     0.001      15
                    0                         0                     0.001      16
                    0                    0.0005                     0.001      17
              -0.0005                         0                     0.001      20
                    0                   -0.0005                     0.001      23
   0.0003535533913896      -0.00035355338979694                         0      1
  0.00035355338979694        0.0003535533913896                         0      2
  -0.0003535533913896       0.00035355338979694                         0      3
 -0.00035355338979694       -0.0003535533913896                         0      4
  0.00035355338979694        0.0003535533913896                     0.001      5
  -0.0003535533913896       0.00035355338979694                     0.001      9
              -0.0005                         0       0.00049999999999872      11
 -0.00035355338979694       -0.0003535533913896                     0.001      13
   0.0003535533913896      -0.00035355338979694                     0.001      17
  0.00046193976604016       0.00019134171670277       0.00061968657520574      8
  0.00043206841428048       0.00025162846695307       0.00022226603145327      8
 -0.00019134171670277       0.00046193976604016       0.00038031342479426      12
 -0.00026727101496286       0.00042257094618623        0.0007742447753234      12
 -0.00042774877754512       0.00025890342467542       0.00064141971939545      12
 -0.00045707245578181       0.00020269378423028       0.00026337866377041      12
 -0.00019134171566232      -0.00046193976647113       0.00061968657516261      16
 -0.00026727101340187      -0.00042257094717353       0.00022575522498154      16
 -0.00046144685752322      -0.00019252739462722       0.00074999999999936      16
  -0.0004276244424094      -0.00025910873442254        0.0003580354688648      16
  0.00019134171670277      -0.00046193976604016       0.00038031342479426      20
  0.00025162846707903      -0.00043206841420712       0.00077773396752836      20
 Edges
 21
 5 11 1
 11 2 1
 2 12 2
 12 4 2
 4 13 3
 13 3 3
 3 14 4
 14 5 4
 6 15 5
 15 8 5
 2 6 6
 4 8 7
 8 16 9
 16 9 9
 3 17 11
 17 9 11
 9 18 13
 18 10 13
 5 10 15
 10 19 17
 19 6 17
 Triangles
 42
 20 21 4 8
 6 20 15 8
 12 21 2 8
 2 20 6 8
 2 21 20 8
 8 20 4 8
 4 21 12 8
 15 20 8 8
 22 25 24 12
 22 24 23 12
 9 24 17 12
 17 25 3 12
 24 25 17 12
 13 22 4 12
 13 25 22 12
 3 25 13 12
 16 24 9 12
 23 24 16 12
 8 23 16 12
 4 22 8 12
 22 23 8 12
 28 29 26 16
 26 29 27 16
 3 29 17 16
 17 28 9 16
 17 29 28 16
 18 26 10 16
 18 28 26 16
 9 28 18 16
 14 29 3 16
 27 29 14 16
 5 27 14 16
 10 26 5 16
 26 27 5 16
 6 31 30 20
 11 30 5 20
 10 31 19 20
 5 30 10 20
 30 31 10 20
 6 30 2 20
 2 30 11 20
 19 31 6 20
 End
