7
-0.00029840519 0.000365566647 6.05741098e-05 1.33835043e-05 63916 1 1.30899694e-06 6.02922341e-06 -0.000171473607 0.000614116962 -0.000298275725 0.000365958402 6.06520794e-05 -3.23824826e-09 -9.7988017e-09 -1.95021811e-09 2.12048878e-13 6.41650897e-13 1.27705329e-13 0 0 0 -0.0548644274 0.581674864 0.553614808 0.5934264 3306961.08 4514854.68 -380199.919
0.000113641604 -0.000445406224 9.87049061e-05 1.33835043e-05 333628 1 1.30899694e-06 1.48999389e-06 1.93521784e-05 0.000802027059 0.000113847365 -0.000445755281 9.87914229e-05 -5.14660995e-09 8.73081486e-09 -2.1640079e-09 3.3701334e-13 -5.71716355e-13 1.41704838e-13 0 0 0 0.648463691 -0.299607646 -0.694157076 0.088747136 -362906.844 -468161.023 -1071643.49
0.000424474242 0.000144902705 9.64211138e-05 1.33835043e-05 444056 1 1.30899694e-06 -0.000248688298 4.05601277e-05 0.000225969475 0.00042439372 0.000144859477 9.65002848e-05 2.01405943e-09 1.08124334e-09 -1.98026911e-09 -1.31885824e-13 -7.08026124e-14 1.29673147e-13 0 0 0 -0.152435777 -0.695034686 0.153696955 0.68561459 -1722680.5 -5012485.25 -2531175.91
-0.000353101858 -9.0140735e-05 0.000129762959 1.33835043e-05 396732 1 1.30899694e-06 -3.43816055e-05 0.000430492849 0.000154373081 -0.000353300978 -9.02505253e-05 0.000129742345 4.98051229e-09 2.74613555e-09 5.15621455e-10 -3.26136836e-13 -1.79824064e-13 -3.37642274e-14 0 0 0 -0.459567749 0.0875901898 -0.816970862 -0.33717066 -1004502.04 1590265.71 3331666.02
4.75230697e-06 -0.000224030065 0.000151351684 1.33835043e-05 627953 1 1.30899694e-06 -0.000209151683 -1.44021605e-05 0.000430083781 4.62896423e-06 -0.000223793354 0.000151313154 3.08511661e-09 -5.92075725e-09 9.63718428e-10 -2.02021421e-13 3.87706509e-13 -6.3106777e-14 0 0 0 -0.232183017 0.243691539 -0.868245534 -0.364493037 -2161638.78 171536.772 -2532177.93
-0.000314825282 -0.000102289903 0.000191386824 1.33835043e-05 219614 1 1.30899694e-06 -0.000157868515 0.000462688321 0.000721416121 -0.000314545944 -0.000102525054 0.000191438566 -6.98694152e-09 5.88172558e-09 -1.29421957e-09 4.57523015e-13 -3.85150614e-13 8.47488475e-14 0 0 0 0.822677644 0.156022627 0.542109654 0.0705376299 -3091074.09 363148.216 -2375688.98
3.00867379e-05 -2.01164422e-05 0.000191898868 1.33835043e-05 432590 1 1.30899694e-06 0.000129957007 -3.12441471e-05 0.000161443863 3.00949112e-05 -2.01769499e-05 0.000191941932 -2.04436301e-10 1.51345019e-09 -1.07714062e-09 1.33870181e-14 -9.91046355e-14 7.05339558e-14 0 0 0 -0.717144572 0.00766155024 -0.581184518 0.384538059 -774489.558 794873.375 69329.1056
0
TMIG 1
cylinder
3D-Nodes 29
1 1 0 0.0005 0 0
2 2 0 -0.0005 0 0
3 3 0 0 0.0005 0
4 4 0 0 -0.0005 0
5 5 0 0.0005 0 0.001
7 7 0 0 0.0005 0.001
8 8 0 -0.0005 0 0.001
9 9 0 0 -0.0005 0.001
10 10 0 0.000354 -0.000354 0
11 11 0 0.000354 0.000354 0
12 12 0 -0.000354 0.000354 0
13 13 0 -0.000354 -0.000354 0
14 14 0 0.000354 0.000354 0.001
15 15 0 -0.000354 0.000354 0.001
16 16 0 -0.0005 0 0.0005
17 17 0 -0.000354 -0.000354 0.001
18 18 0 0.000354 -0.000354 0.001
19 19 0 0.000462 0.000191 0.00062
20 20 0 0.000432 0.000252 0.000222
21 21 0 -0.000191 0.000462 0.00038
22 22 0 -0.000267 0.000423 0.000774
23 23 0 -0.000428 0.000259 0.000641
24 24 0 -0.000457 0.000203 0.000263
25 25 0 -0.000191 -0.000462 0.00062
26 26 0 -0.000267 -0.000423 0.000226
27 27 0 -0.000461 -0.000193 0.00075
28 28 0 -0.000428 -0.000259 0.000358
29 29 0 0.000191 -0.000462 0.00038
30 30 0 0.000252 -0.000432 0.000778
Tri3 42
0 0 19 20 3
1 0 5 19 14
2 0 11 20 1
3 0 1 19 5
4 0 1 20 19
5 0 7 19 3
6 0 3 20 11
7 0 14 19 7
8 0 21 24 23
9 0 21 23 22
10 0 8 23 16
11 0 16 24 2
12 0 23 24 16
13 0 12 21 3
14 0 12 24 21
15 0 2 24 12
16 0 15 23 8
17 0 22 23 15
18 0 7 22 15
19 0 3 21 7
20 0 21 22 7
21 0 27 28 25
22 0 25 28 26
23 0 2 28 16
24 0 16 27 8
25 0 16 28 27
26 0 17 25 9
27 0 17 27 25
28 0 8 27 17
29 0 13 28 2
30 0 26 28 13
31 0 4 26 13
32 0 9 25 4
33 0 25 26 4
34 0 5 30 29
35 0 10 29 4
36 0 9 30 18
37 0 4 29 9
38 0 29 30 9
39 0 5 29 1
40 0 1 29 10
41 0 18 30 5
