8
-0.000134231222 -6.44599375e-05 0.000238628633 1.33835043e-05 248177 1 1.30899694e-06 0.000174651206 0.000397239027 0.000500536423 -0.000134279517 -6.43848444e-05 0.000238337711 1.20798238e-09 -1.87827045e-09 7.27670388e-09 -7.91018126e-14 1.2299401e-13 -4.76497404e-13 0 0 0 -0.505100849 0.664346526 -0.270668321 -0.479849441 -2180426.56 1747102.19 4126668.41
-6.70848422e-05 0.000115568567 0.000264786701 1.33835043e-05 622953 1 1.30899694e-06 0.00021164116 -0.000430591618 0.000373267643 -6.70947233e-05 0.000115553881 0.000264804258 2.4715258e-10 3.6733923e-10 -4.39146729e-10 -1.61841906e-14 -2.40543236e-14 2.87564645e-14 0 0 0 -0.119269526 -0.131339394 0.348685607 0.920295111 3625114.16 860980.766 -1501300.13
-5.96556962e-06 -0.00044045325 0.000275258216 1.33835043e-05 359441 1 1.30899694e-06 0.000338652661 -8.80559881e-05 0.000632699184 -5.94231653e-06 -0.000440412298 0.000275266868 -5.81619095e-10 -1.02431654e-09 -2.16388771e-10 3.80859237e-14 6.70748981e-14 1.41696968e-14 0 0 0 -0.458879174 0.124788125 -0.792974205 0.380853959 190264.991 -2459823.12 2904988.12
1.74619516e-05 -4.66602637e-06 0.00029131833 1.33835043e-05 571645 1 1.30899694e-06 0.000175349913 -0.00041341621 0.000781192795 1.73228221e-05 -4.59286093e-06 0.000291290856 3.47998585e-09 -1.83005451e-09 6.87196694e-10 -2.27878481e-13 1.19836706e-13 -4.49994182e-14 0 0 0 0.699314343 -0.364926707 -0.397137178 0.469116201 567529.345 1438154.59 -1030861.62
0.000313753133 -0.000183613885 0.000305123829 1.33835043e-05 311758 1 1.30899694e-06 8.63909974e-05 0.000178040453 0.00042758584 0.000314079889 -0.000183714814 0.000305095114 -8.17298411e-09 2.52448071e-09 7.18252731e-10 5.35188153e-13 -1.65309531e-13 -4.70330479e-14 0 0 0 0.342957348 -0.208686023 -0.225841864 0.887595546 388034.158 2599552.04 90099.3396
-0.000383526656 -0.000275007829 0.000373157431 1.33835043e-05 68909 1 1.30899694e-06 5.41029855e-05 0.000446918828 0.000457379664 -0.000383514507 -0.000275004829 0.00037316183 -3.03858867e-10 -7.50563906e-11 -1.10034968e-10 1.98974651e-14 4.91488672e-15 7.20537451e-15 0 0 0 0.726154397 0.623254767 0.269842224 0.106950747 4659143.76 1967004.02 -4357500.1
-0.000170798742 -0.000171745588 0.000431995697 1.33835043e-05 713590 1 1.30899694e-06 -2.94971713e-05 4.8911012e-05 0.000977694521 -0.00017076144 -0.000171758828 0.000431998573 -9.33026252e-10 3.31169231e-10 -7.19137872e-11 6.10969739e-14 -2.16858184e-14 4.70910091e-15 0 0 0 0.322851734 -0.656839357 -0.681413979 -0.00195099087 2153228.02 -2173311.59 -3139707.92
0.000180100735 0.000159516472 0.000477842787 1.33835043e-05 276037 1 1.30899694e-06 -0.000434962116 5.59796445e-05 0.000783347081 0.000180110932 0.000159499208 0.000477835315 -2.55033671e-10 4.31832887e-10 1.86881873e-10 1.67002649e-14 -2.82775351e-14 -1.22375087e-14 0 0 0 -0.872206009 0.338302576 0.0909106049 0.341384398 2260593.52 -856665.45 5910990.59
0
TMIG 1
cylinder
3D-Nodes 29
1 1 0 0.0005 0 0
2 2 0 -0.0005 0 0
3 3 0 0 0.0005 0
4 4 0 0 -0.0005 0
5 5 0 0.0005 0 0.001
7 7 0 0 0.0005 0.001
8 8 0 -0.0005 0 0.001
9 9 0 0 -0.0005 0.001
10 10 0 0.000354 -0.000354 0
11 11 0 0.000354 0.000354 0
12 12 0 -0.000354 0.000354 0
13 13 0 -0.000354 -0.000354 0
14 14 0 0.000354 0.000354 0.001
15 15 0 -0.000354 0.000354 0.001
16 16 0 -0.0005 0 0.0005
17 17 0 -0.000354 -0.000354 0.001
18 18 0 0.000354 -0.000354 0.001
19 19 0 0.000462 0.000191 0.00062
20 20 0 0.000432 0.000252 0.000222
21 21 0 -0.000191 0.000462 0.00038
22 22 0 -0.000267 0.000423 0.000774
23 23 0 -0.000428 0.000259 0.000641
24 24 0 -0.000457 0.000203 0.000263
25 25 0 -0.000191 -0.000462 0.00062
26 26 0 -0.000267 -0.000423 0.000226
27 27 0 -0.000461 -0.000193 0.00075
28 28 0 -0.000428 -0.000259 0.000358
29 29 0 0.000191 -0.000462 0.00038
30 30 0 0.000252 -0.000432 0.000778
Tri3 42
0 0 19 20 3
1 0 5 19 14
2 0 11 20 1
3 0 1 19 5
4 0 1 20 19
5 0 7 19 3
6 0 3 20 11
7 0 14 19 7
8 0 21 24 23
9 0 21 23 22
10 0 8 23 16
11 0 16 24 2
12 0 23 24 16
13 0 12 21 3
14 0 12 24 21
15 0 2 24 12
16 0 15 23 8
17 0 22 23 15
18 0 7 22 15
19 0 3 21 7
20 0 21 22 7
21 0 27 28 25
22 0 25 28 26
23 0 2 28 16
24 0 16 27 8
25 0 16 28 27
26 0 17 25 9
27 0 17 27 25
28 0 8 27 17
29 0 13 28 2
30 0 26 28 13
31 0 4 26 13
32 0 9 25 4
33 0 25 26 4
34 0 5 30 29
35 0 10 29 4
36 0 9 30 18
37 0 4 29 9
38 0 29 30 9
39 0 5 29 1
40 0 1 29 10
41 0 18 30 5
