11
4.859495e-05 -0.000412720173 0.000513447908 1.64769863e-05 76069 1 1.30899694e-06 0.000159464294 -0.000448816142 0.0004406818 4.85649245e-05 -0.00041275634 0.000513446412 1.53946172e-18 1.85439337e-18 7.66902949e-20 -1.00807938e-22 -1.21430477e-22 -5.021879e-24 0 0 0 0.986155589 0.0172978556 0.0615335347 0.153008376 -1616180.58 1884395.83 3248675.74
-0.000115390964 -0.000276261213 0.000514697476 1.64769863e-05 597708 1 1.30899694e-06 0.000234784275 -0.000226970172 0.000508330062 -0.000115335557 -0.000276187683 0.000514689888 -2.84086527e-18 -3.77002413e-18 3.89024993e-19 1.86027211e-22 2.46870938e-22 -2.54743634e-23 0 0 0 -0.743797526 0.466820832 -0.129905558 -0.460399931 1473837.41 5809166.92 3544028.82
-0.000170043779 0.000304737237 0.000514380987 1.64769863e-05 33278 1 1.30899694e-06 -0.000424981633 -0.00022955073 0.000383808481 -0.000170148897 0.000304689687 0.000514418647 5.38959422e-18 2.43797207e-18 -1.93091543e-18 -3.52924579e-22 -1.59644721e-22 1.2644134e-22 0 0 0 -0.787583827 0.0977139343 -0.434287241 0.426096579 5522338.07 3482410.67 67102.077
5.32472383e-05 -0.00046155799 0.000528371406 1.64769863e-05 447345 1 1.30899694e-06 0.000334242272 0.000119848003 0.000340690651 5.35948472e-05 -0.000461426305 0.000528347184 -1.78225561e-17 -6.75176315e-18 1.24193268e-18 1.1670671e-21 4.42122926e-22 -8.13249662e-23 0 0 0 0.163891914 0.787168673 0.474306254 -0.358522661 -559239.881 2914887.58 -5901577.99
0.000258879258 -0.000327022442 0.000528497687 1.64769863e-05 472071 1 1.30899694e-06 0.000338291536 -0.000119669323 0.000868497176 0.000258886162 -0.000327008114 0.000528461543 -3.53965432e-19 -7.34614231e-19 1.85314023e-18 2.31785727e-23 4.81044412e-23 -1.21348418e-22 0 0 0 -0.419349417 0.393488148 0.593724414 0.562853857 4802999.97 796855.975 1869409.74
-0.000342704934 -2.11156259e-06 0.000573538227 1.64769863e-05 3917 1 1.30899694e-06 -0.000139230421 -5.91974138e-05 0.000198299265 -0.00034279882 -2.03621037e-06 0.000573533342 4.81370252e-18 -3.86344816e-18 2.50476107e-19 -3.152137e-22 2.52988585e-22 -1.64018238e-23 0 0 0 -0.24965858 0.694632295 -0.419783466 0.528146202 -1390059.84 -4326719.29 944153.443
0.000152968068 5.6598473e-05 0.000578281182 1.64769863e-05 14223 1 1.30899694e-06 -0.000250241252 0.000100476242 0.000406735244 0.00015306614 5.65645328e-05 0.000578307866 -5.0283167e-18 1.74018065e-18 -1.36816776e-18 3.29267192e-22 -1.13951533e-22 8.95911663e-23 0 0 0 -0.294846241 -0.288278726 -0.821178053 -0.394496736 -1025628.63 4081066.05 -2133768.7
0.000147625539 0.000145361878 0.000643088183 1.64769863e-05 549746 1 1.30899694e-06 -0.000287289222 6.19408336e-05 0.00097932592 0.000147624031 0.000145222261 0.000643106792 7.73382317e-20 7.15843502e-18 -9.54108533e-19 -5.06430758e-24 -4.68752853e-22 6.24774962e-23 0 0 0 -0.447630654 -0.435949084 -0.0943851224 0.775026866 1558442.45 -1072500.5 -2124960.9
-5.08859998e-05 5.37646258e-06 0.000659408032 1.64769863e-05 440376 1 1.30899694e-06 -0.000201137695 -0.000417881411 0.000420078108 -5.09866409e-05 5.27213739e-06 0.000659412885 5.16005972e-18 5.34894673e-18 -2.48820184e-19 -3.37894066e-22 -3.50262877e-22 1.62933897e-23 0 0 0 -0.110044088 0.114658759 -0.445527345 -0.881049972 462898.543 -2590338.74 -521169.555
0.00027458319 -7.56330016e-05 0.000671635097 1.64769863e-05 376079 1 1.30899694e-06 1.13351742e-05 -1.03942035e-05 0.000991235857 0.000274733229 -7.55780924e-05 0.000671674486 -7.69277951e-18 -2.81529646e-18 -2.01951751e-18 5.03743113e-22 1.84352899e-22 1.32243234e-22 0 0 0 0.871763013 -0.437030986 -0.212475544 -0.0623482899 1022847.27 -306321.118 3920070.59
-8.0332377e-05 -0.000268118941 0.00070130117 1.64769863e-05 109506 1 1.30899694e-06 -0.000195018794 0.000336906238 0.000981659946 -8.03006699e-05 -0.000268117032 0.000701246337 -1.62567954e-18 -9.78654992e-20 2.81137009e-18 1.06453704e-22 6.40848619e-24 -1.8409579e-22 0 0 0 0.534926584 0.434952236 0.578947777 -0.435304001 2058490.33 -4575870.57 2479850.36
0
TMIG 1
cylinder
3D-Nodes 29
1 1 0 0.0005 0 0
2 2 0 -0.0005 0 0
3 3 0 0 0.0005 0
4 4 0 0 -0.0005 0
5 5 0 0.0005 0 0.001
7 7 0 0 0.0005 0.001
8 8 0 -0.0005 0 0.001
9 9 0 0 -0.0005 0.001
10 10 0 0.000354 -0.000354 0
11 11 0 0.000354 0.000354 0
12 12 0 -0.000354 0.000354 0
13 13 0 -0.000354 -0.000354 0
14 14 0 0.000354 0.000354 0.001
15 15 0 -0.000354 0.000354 0.001
16 16 0 -0.0005 0 0.0005
17 17 0 -0.000354 -0.000354 0.001
18 18 0 0.000354 -0.000354 0.001
19 19 0 0.000462 0.000191 0.00062
20 20 0 0.000432 0.000252 0.000222
21 21 0 -0.000191 0.000462 0.00038
22 22 0 -0.000267 0.000423 0.000774
23 23 0 -0.000428 0.000259 0.000641
24 24 0 -0.000457 0.000203 0.000263
25 25 0 -0.000191 -0.000462 0.00062
26 26 0 -0.000267 -0.000423 0.000226
27 27 0 -0.000461 -0.000193 0.00075
28 28 0 -0.000428 -0.000259 0.000358
29 29 0 0.000191 -0.000462 0.00038
30 30 0 0.000252 -0.000432 0.000778
Tri3 42
0 0 19 20 3
1 0 5 19 14
2 0 11 20 1
3 0 1 19 5
4 0 1 20 19
5 0 7 19 3
6 0 3 20 11
7 0 14 19 7
8 0 21 24 23
9 0 21 23 22
10 0 8 23 16
11 0 16 24 2
12 0 23 24 16
13 0 12 21 3
14 0 12 24 21
15 0 2 24 12
16 0 15 23 8
17 0 22 23 15
18 0 7 22 15
19 0 3 21 7
20 0 21 22 7
21 0 27 28 25
22 0 25 28 26
23 0 2 28 16
24 0 16 27 8
25 0 16 28 27
26 0 17 25 9
27 0 17 27 25
28 0 8 27 17
29 0 13 28 2
30 0 26 28 13
31 0 4 26 13
32 0 9 25 4
33 0 25 26 4
34 0 5 30 29
35 0 10 29 4
36 0 9 30 18
37 0 4 29 9
38 0 29 30 9
39 0 5 29 1
40 0 1 29 10
41 0 18 30 5
