8
-0.000134231198 -6.44599751e-05 0.000238628779 1.64769863e-05 248177 1 1.30899694e-06 0.000174651206 0.000397239027 0.000500536423 -0.000134279517 -6.43848444e-05 0.000238337711 2.477415e-18 -3.8520888e-18 1.49235748e-17 -1.62227547e-22 2.52244745e-22 -9.77234305e-22 0 0 0 -0.335584197 -0.614897658 0.0274744657 0.713112383 -2180426.56 1747102.19 4126668.41
-6.70848372e-05 0.000115568574 0.000264786692 1.64769863e-05 622953 1 1.30899694e-06 0.00021164116 -0.000430591618 0.000373267643 -6.70947233e-05 0.000115553881 0.000264804258 5.0687785e-19 7.53365065e-19 -9.00632922e-19 -3.31916735e-23 -4.93322943e-23 5.89757748e-23 0 0 0 0.405488079 0.250511594 -0.876282821 0.0703688628 3625114.16 860980.766 -1501300.13
-5.96558125e-06 -0.00044045327 0.000275258212 1.64769863e-05 359441 1 1.30899694e-06 0.000338652661 -8.80559881e-05 0.000632699184 -5.94231653e-06 -0.000440412298 0.000275266868 -1.19282524e-18 -2.10074022e-18 -4.43785272e-19 7.81092843e-23 1.37561907e-22 2.90602083e-23 0 0 0 -0.847607269 0.345878544 0.296633409 -0.271916479 190264.991 -2459823.12 2904988.12
1.74620212e-05 -4.66606295e-06 0.000291318343 1.64769863e-05 571645 1 1.30899694e-06 0.000175349913 -0.00041341621 0.000781192795 1.73228221e-05 -4.59286093e-06 0.000291290856 7.13699913e-18 -3.75320417e-18 1.40935119e-18 -4.67349175e-22 2.45769523e-22 -9.22879638e-23 0 0 0 -0.408829638 0.46854252 0.586244845 -0.519271813 567529.345 1438154.59 -1030861.62
0.00031375297 -0.000183613835 0.000305123844 1.64769863e-05 311758 1 1.30899694e-06 8.63909974e-05 0.000178040453 0.00042758584 0.000314079889 -0.000183714814 0.000305095114 -1.67617292e-17 5.17738215e-18 1.47304309e-18 1.09760141e-21 -3.39028384e-22 -9.64586742e-23 0 0 0 -0.132099026 -0.958256002 -0.250394472 0.039973624 388034.158 2599552.04 90099.3396
-0.000383526662 -0.000275007831 0.000373157429 1.64769863e-05 68909 1 1.30899694e-06 5.41029855e-05 0.000446918828 0.000457379664 -0.000383514507 -0.000275004829 0.00037316183 -6.23175082e-19 -1.53930911e-19 -2.25667432e-19 4.08071173e-23 1.00797945e-23 1.47772876e-23 0 0 0 -0.735768447 0.333643937 -0.363454799 -0.463925775 4659143.76 1967004.02 -4357500.1
-0.000170798761 -0.000171745581 0.000431995696 1.64769863e-05 713590 1 1.30899694e-06 -2.94971713e-05 4.8911012e-05 0.000977694521 -0.00017076144 -0.000171758828 0.000431998573 -1.9135157e-18 6.79185093e-19 -1.4748584e-19 1.2530196e-22 -4.44747978e-23 9.65775453e-24 0 0 0 0.0313780418 0.298022788 -0.342258064 0.890537621 2153228.02 -2173311.59 -3139707.92
0.00018010073 0.000159516481 0.000477842791 1.64769863e-05 276037 1 1.30899694e-06 -0.000434962116 5.59796445e-05 0.000783347081 0.000180110932 0.000159499208 0.000477835315 -5.23040945e-19 8.8563318e-19 3.83270456e-19 3.42500748e-23 -5.79935528e-23 -2.50975414e-23 0 0 0 0.70414037 0.291034195 -0.32146563 0.562267984 2260593.52 -856665.45 5910990.59
0
TMIG 1
cylinder
3D-Nodes 29
1 1 0 0.0005 0 0
2 2 0 -0.0005 0 0
3 3 0 0 0.0005 0
4 4 0 0 -0.0005 0
5 5 0 0.0005 0 0.001
7 7 0 0 0.0005 0.001
8 8 0 -0.0005 0 0.001
9 9 0 0 -0.0005 0.001
10 10 0 0.000354 -0.000354 0
11 11 0 0.000354 0.000354 0
12 12 0 -0.000354 0.000354 0
13 13 0 -0.000354 -0.000354 0
14 14 0 0.000354 0.000354 0.001
15 15 0 -0.000354 0.000354 0.001
16 16 0 -0.0005 0 0.0005
17 17 0 -0.000354 -0.000354 0.001
18 18 0 0.000354 -0.000354 0.001
19 19 0 0.000462 0.000191 0.00062
20 20 0 0.000432 0.000252 0.000222
21 21 0 -0.000191 0.000462 0.00038
22 22 0 -0.000267 0.000423 0.000774
23 23 0 -0.000428 0.000259 0.000641
24 24 0 -0.000457 0.000203 0.000263
25 25 0 -0.000191 -0.000462 0.00062
26 26 0 -0.000267 -0.000423 0.000226
27 27 0 -0.000461 -0.000193 0.00075
28 28 0 -0.000428 -0.000259 0.000358
29 29 0 0.000191 -0.000462 0.00038
30 30 0 0.000252 -0.000432 0.000778
Tri3 42
0 0 19 20 3
1 0 5 19 14
2 0 11 20 1
3 0 1 19 5
4 0 1 20 19
5 0 7 19 3
6 0 3 20 11
7 0 14 19 7
8 0 21 24 23
9 0 21 23 22
10 0 8 23 16
11 0 16 24 2
12 0 23 24 16
13 0 12 21 3
14 0 12 24 21
15 0 2 24 12
16 0 15 23 8
17 0 22 23 15
18 0 7 22 15
19 0 3 21 7
20 0 21 22 7
21 0 27 28 25
22 0 25 28 26
23 0 2 28 16
24 0 16 27 8
25 0 16 28 27
26 0 17 25 9
27 0 17 27 25
28 0 8 27 17
29 0 13 28 2
30 0 26 28 13
31 0 4 26 13
32 0 9 25 4
33 0 25 26 4
34 0 5 30 29
35 0 10 29 4
36 0 9 30 18
37 0 4 29 9
38 0 29 30 9
39 0 5 29 1
40 0 1 29 10
41 0 18 30 5
