7
-6.71939332e-05 0.000115406427 0.000264980536 1.08708364e-05 622953 1 1.30899694e-06 0.00021164116 -0.000430591618 0.000373267643 -6.7200739e-05 0.000115396311 0.000264992629 5.45752916e-06 8.11144502e-06 -9.69707088e-06 -3.57373135e-10 -5.31158414e-10 6.34989299e-10 0 0 0 0.384682448 0.255279334 -0.859114816 -0.220847479 3625114.16 860980.766 -1501300.13
-5.70884785e-06 -0.000440001125 0.000275353729 1.08708364e-05 359441 1 1.30899694e-06 0.000338652661 -8.80559881e-05 0.000632699184 -5.69283188e-06 -0.000439972918 0.000275359687 -1.28430914e-05 -2.26185678e-05 -4.77821445e-06 8.40998866e-10 1.48112236e-09 3.12889849e-10 0 0 0 0.20495619 -0.133761699 -0.836945829 0.489512458 190264.991 -2459823.12 2904988.12
1.59259152e-05 -3.85825572e-06 0.000291015007 1.08708364e-05 571645 1 1.30899694e-06 0.000175349913 -0.00041341621 0.000781192795 1.58300873e-05 -3.80786174e-06 0.000290996084 7.68437226e-05 -4.04105668e-05 1.51744158e-05 -5.03192585e-09 2.64618851e-09 -9.93660019e-10 0 0 0 0.5399291 0.416981256 0.662820624 -0.308661658 567529.345 1438154.59 -1030861.62
0.00031736062 -0.00018472817 0.000304806799 1.08708364e-05 311758 1 1.30899694e-06 8.63909974e-05 0.000178040453 0.00042758584 0.000317585678 -0.000184797686 0.00030478702 -0.000180472723 5.57446219e-05 1.58601833e-05 1.1817821e-08 -3.65030212e-09 -1.03856586e-09 0 0 0 -0.408012097 -0.409489233 0.0550190687 -0.814136106 388034.158 2599552.04 90099.3396
-0.000383392535 -0.0002749747 0.000373206 1.08708364e-05 68909 1 1.30899694e-06 5.41029855e-05 0.000446918828 0.000457379664 -0.000383384168 -0.000274972633 0.00037320903 -6.70969581e-06 -1.65736664e-06 -2.42975027e-06 4.39368248e-10 1.08528657e-10 1.59106337e-10 0 0 0 -0.754148324 0.293738687 -0.368033739 -0.45774344 4659143.76 1967004.02 -4357500.1
-0.000170386912 -0.000171891763 0.00043202744 1.08708364e-05 713590 1 1.30899694e-06 -2.94971713e-05 4.8911012e-05 0.000977694521 -0.00017036122 -0.000171900883 0.00043202942 -2.06027305e-05 7.31275287e-06 -1.58797287e-06 1.34912012e-09 -4.78857985e-10 1.03984573e-10 0 0 0 0.222008038 -0.701875387 -0.277715942 -0.617217326 2153228.02 -2173311.59 -3139707.92
0.000180213305 0.000159325865 0.000477760299 1.08708364e-05 276037 1 1.30899694e-06 -0.000434962116 5.59796445e-05 0.000783347081 0.000180220328 0.000159313974 0.000477755153 -5.63155642e-06 9.53556938e-06 4.12665436e-06 3.68768891e-10 -6.24413764e-10 -2.70224008e-10 0 0 0 0.844449435 0.168390331 -0.306090879 0.406027365 2260593.52 -856665.45 5910990.59
0
TMIG 1
cylinder
3D-Nodes 29
1 1 0 0.0005 0 0
2 2 0 -0.0005 0 0
3 3 0 0 0.0005 0
4 4 0 0 -0.0005 0
5 5 0 0.0005 0 0.001
7 7 0 0 0.0005 0.001
8 8 0 -0.0005 0 0.001
9 9 0 0 -0.0005 0.001
10 10 0 0.000354 -0.000354 0
11 11 0 0.000354 0.000354 0
12 12 0 -0.000354 0.000354 0
13 13 0 -0.000354 -0.000354 0
14 14 0 0.000354 0.000354 0.001
15 15 0 -0.000354 0.000354 0.001
16 16 0 -0.0005 0 0.0005
17 17 0 -0.000354 -0.000354 0.001
18 18 0 0.000354 -0.000354 0.001
19 19 0 0.000462 0.000191 0.00062
20 20 0 0.000432 0.000252 0.000222
21 21 0 -0.000191 0.000462 0.00038
22 22 0 -0.000267 0.000423 0.000774
23 23 0 -0.000428 0.000259 0.000641
24 24 0 -0.000457 0.000203 0.000263
25 25 0 -0.000191 -0.000462 0.00062
26 26 0 -0.000267 -0.000423 0.000226
27 27 0 -0.000461 -0.000193 0.00075
28 28 0 -0.000428 -0.000259 0.000358
29 29 0 0.000191 -0.000462 0.00038
30 30 0 0.000252 -0.000432 0.000778
Tri3 42
0 0 19 20 3
1 0 5 19 14
2 0 11 20 1
3 0 1 19 5
4 0 1 20 19
5 0 7 19 3
6 0 3 20 11
7 0 14 19 7
8 0 21 24 23
9 0 21 23 22
10 0 8 23 16
11 0 16 24 2
12 0 23 24 16
13 0 12 21 3
14 0 12 24 21
15 0 2 24 12
16 0 15 23 8
17 0 22 23 15
18 0 7 22 15
19 0 3 21 7
20 0 21 22 7
21 0 27 28 25
22 0 25 28 26
23 0 2 28 16
24 0 16 27 8
25 0 16 28 27
26 0 17 25 9
27 0 17 27 25
28 0 8 27 17
29 0 13 28 2
30 0 26 28 13
31 0 4 26 13
32 0 9 25 4
33 0 25 26 4
34 0 5 30 29
35 0 10 29 4
36 0 9 30 18
37 0 4 29 9
38 0 29 30 9
39 0 5 29 1
40 0 1 29 10
41 0 18 30 5
