11
4.82636096e-05 -0.000413119296 0.000513431401 1.08708364e-05 76069 1 1.30899694e-06 0.000159464294 -0.000448816142 0.0004406818 4.82429393e-05 -0.000413144195 0.000513430372 1.65753094e-05 1.99661632e-05 8.25720676e-07 -1.08539416e-09 -1.30743604e-09 -5.4070327e-11 0 0 0 0.0989368153 0.367047905 -0.530952396 -0.757348596 -1616180.58 1884395.83 3248675.74
-0.000114779521 -0.000275449786 0.000514613745 1.08708364e-05 597708 1 1.30899694e-06 0.000234784275 -0.000226970172 0.000508330062 -0.000114741377 -0.000275399166 0.000514608522 -3.05874583e-05 -4.05916665e-05 4.18861318e-06 2.00294594e-09 2.65804739e-09 -2.74281232e-10 0 0 0 0.122071027 -0.394844361 -0.302577014 -0.85886189 1473837.41 5809166.92 3544028.82
-0.000171203789 0.000304212509 0.000514796581 1.08708364e-05 33278 1 1.30899694e-06 -0.000424981633 -0.00022955073 0.000383808481 -0.000171276155 0.000304179774 0.000514822507 5.80294989e-05 2.62495267e-05 -2.07900726e-05 -3.79992179e-09 -1.71888695e-09 1.36138776e-09 0 0 0 0.771247072 -0.278296388 0.0485460227 -0.570414198 5522338.07 3482410.67 67102.077
5.70832113e-05 -0.000460104799 0.000528104103 1.08708364e-05 447345 1 1.30899694e-06 0.000334242272 0.000119848003 0.000340690651 5.73225133e-05 -0.000460014144 0.000528087428 -0.000191894595 -7.26959055e-05 1.33718288e-05 1.25657548e-08 4.76031605e-09 -8.75621957e-10 0 0 0 0.0870373049 0.817462761 0.361378887 -0.439982321 -559239.881 2914887.58 -5901577.99
0.000258955443 -0.00032686433 0.000528098833 1.08708364e-05 472071 1 1.30899694e-06 0.000338291536 -0.000119669323 0.000868497176 0.000258960196 -0.000326854466 0.000528073951 -3.8111286e-06 -7.90955571e-06 1.99526707e-05 2.49562565e-10 5.1793818e-10 -1.30655252e-09 0 0 0 -0.533449187 0.291593523 0.501636541 0.61543965 4802999.97 796855.975 1869409.74
-0.000343740993 -1.28002739e-06 0.000573484317 1.08708364e-05 3917 1 1.30899694e-06 -0.000139230421 -5.91974138e-05 0.000198299265 -0.000343805627 -1.22815318e-06 0.000573480954 5.1828901e-05 -4.15975585e-05 2.69686406e-06 -3.39389058e-09 2.7239158e-09 -1.76597639e-10 0 0 0 -0.339487998 -0.167108525 0.423919718 0.822869803 -1390059.84 -4326719.29 944153.443
0.00015405032 5.62239316e-05 0.000578575654 1.08708364e-05 14223 1 1.30899694e-06 -0.000250241252 0.000100476242 0.000406735244 0.000154117835 5.62005663e-05 0.000578594025 -5.41396414e-05 1.87364404e-05 -1.47309958e-05 3.54520385e-09 -1.22691061e-09 9.64623732e-10 0 0 0 0.11384757 0.495269141 0.843193455 0.175419517 -1025628.63 4081066.05 -2133768.7
0.000147608893 0.000143821158 0.000643293537 1.08708364e-05 549746 1 1.30899694e-06 -0.000287289222 6.19408336e-05 0.00097932592 0.000147607855 0.000143725042 0.000643306348 8.3269698e-07 7.70745218e-05 -1.02728402e-05 -5.45271535e-11 -5.04703918e-09 6.72692164e-10 0 0 0 0.532325702 -0.732632618 0.0253764396 0.423361347 1558442.45 -1072500.5 -2124960.9
-5.19966064e-05 4.22520151e-06 0.000659461586 1.08708364e-05 440376 1 1.30899694e-06 -0.000201137695 -0.000417881411 0.000420078108 -5.20658902e-05 4.15338162e-06 0.000659464927 5.55581122e-05 5.75918494e-05 -2.67903482e-06 -3.63808898e-09 -3.77126336e-09 1.75430134e-10 0 0 0 0.580327167 -0.686729313 0.0458769333 0.435337269 462898.543 -2590338.74 -521169.555
0.000276238917 -7.50270615e-05 0.000672069761 1.08708364e-05 376079 1 1.30899694e-06 1.13351742e-05 -1.03942035e-05 0.000991235857 0.000276342208 -7.49892607e-05 0.000672096877 -8.2827783e-05 -3.03121601e-05 -2.17440468e-05 5.42377761e-09 1.9849187e-09 1.42385647e-09 0 0 0 -0.435628288 -0.25917481 0.515530678 -0.690857823 1022847.27 -306321.118 3920070.59
-7.99824798e-05 -0.000268097877 0.000700696075 1.08708364e-05 109506 1 1.30899694e-06 -0.000195018794 0.000336906238 0.000981659946 -7.99606519e-05 -0.000268096563 0.000700658327 -1.75036126e-05 -1.05371307e-06 3.02698851e-05 1.14618185e-09 6.89998592e-11 -1.98215042e-09 0 0 0 0.721276707 0.525684532 0.447793313 0.0538222376 2058490.33 -4575870.57 2479850.36
0
TMIG 1
cylinder
3D-Nodes 29
1 1 0 0.0005 0 0
2 2 0 -0.0005 0 0
3 3 0 0 0.0005 0
4 4 0 0 -0.0005 0
5 5 0 0.0005 0 0.001
7 7 0 0 0.0005 0.001
8 8 0 -0.0005 0 0.001
9 9 0 0 -0.0005 0.001
10 10 0 0.000354 -0.000354 0
11 11 0 0.000354 0.000354 0
12 12 0 -0.000354 0.000354 0
13 13 0 -0.000354 -0.000354 0
14 14 0 0.000354 0.000354 0.001
15 15 0 -0.000354 0.000354 0.001
16 16 0 -0.0005 0 0.0005
17 17 0 -0.000354 -0.000354 0.001
18 18 0 0.000354 -0.000354 0.001
19 19 0 0.000462 0.000191 0.00062
20 20 0 0.000432 0.000252 0.000222
21 21 0 -0.000191 0.000462 0.00038
22 22 0 -0.000267 0.000423 0.000774
23 23 0 -0.000428 0.000259 0.000641
24 24 0 -0.000457 0.000203 0.000263
25 25 0 -0.000191 -0.000462 0.00062
26 26 0 -0.000267 -0.000423 0.000226
27 27 0 -0.000461 -0.000193 0.00075
28 28 0 -0.000428 -0.000259 0.000358
29 29 0 0.000191 -0.000462 0.00038
30 30 0 0.000252 -0.000432 0.000778
Tri3 42
0 0 19 20 3
1 0 5 19 14
2 0 11 20 1
3 0 1 19 5
4 0 1 20 19
5 0 7 19 3
6 0 3 20 11
7 0 14 19 7
8 0 21 24 23
9 0 21 23 22
10 0 8 23 16
11 0 16 24 2
12 0 23 24 16
13 0 12 21 3
14 0 12 24 21
15 0 2 24 12
16 0 15 23 8
17 0 22 23 15
18 0 7 22 15
19 0 3 21 7
20 0 21 22 7
21 0 27 28 25
22 0 25 28 26
23 0 2 28 16
24 0 16 27 8
25 0 16 28 27
26 0 17 25 9
27 0 17 27 25
28 0 8 27 17
29 0 13 28 2
30 0 26 28 13
31 0 4 26 13
32 0 9 25 4
33 0 25 26 4
34 0 5 30 29
35 0 10 29 4
36 0 9 30 18
37 0 4 29 9
38 0 29 30 9
39 0 5 29 1
40 0 1 29 10
41 0 18 30 5
