8
-0.000296975854 0.000369891756 6.14349197e-05 1.08708364e-05 63916 1 1.30899694e-06 6.02922341e-06 -0.000171473607 0.000614116962 -0.000296886683 0.000370161584 6.14886226e-05 -7.15057652e-05 -0.000216373408 -4.30639738e-05 4.68238258e-09 1.41686908e-08 2.81994046e-09 0 0 0 -0.20101109 -0.384499058 -0.667449594 -0.605199187 3306961.08 4514854.68 -380199.919
0.000115913274 -0.000449259932 9.96600809e-05 1.08708364e-05 333628 1 1.30899694e-06 1.48999389e-06 1.93521784e-05 0.000802027059 0.000116054996 -0.000449500351 9.97196709e-05 -0.000113645481 0.00019279053 -4.77847986e-05 7.44180027e-09 -1.26244229e-08 3.12907229e-09 0 0 0 -0.643442131 -0.408246382 0.501332322 -0.409857314 -362906.844 -468161.023 -1071643.49
0.000423585253 0.000144425453 9.72951879e-05 1.08708364e-05 444056 1 1.30899694e-06 -0.000248688298 4.05601277e-05 0.000225969475 0.000423529792 0.000144395679 9.73497183e-05 4.44736935e-05 2.38756037e-05 -4.37275486e-05 -2.91225256e-09 -1.56343633e-09 2.86339306e-09 0 0 0 0.269927298 -0.00523762302 0.437377831 -0.857795112 -1722680.5 -5012485.25 -2531175.91
-0.000355300214 -9.13528561e-05 0.000129535368 1.08708364e-05 396732 1 1.30899694e-06 -3.43816055e-05 0.000430492849 0.000154373081 -0.000355437362 -9.14284761e-05 0.000129521169 0.000109977776 6.06391197e-05 1.13857566e-05 -7.20162943e-09 -3.97080651e-09 -7.45568814e-10 0 0 0 0.63679445 0.694944727 -0.236583682 -0.23573887 -1004502.04 1590265.71 3331666.02
3.39056248e-06 -0.000221416693 0.000150926306 1.08708364e-05 627953 1 1.30899694e-06 -0.000209151683 -1.44021605e-05 0.000430083781 3.30560801e-06 -0.000221253654 0.000150899769 6.81243703e-05 -0.000130739907 2.12804634e-05 -4.46096009e-09 8.56118751e-09 -1.39349982e-09 0 0 0 0.0995701357 0.497252061 0.527410781 -0.681662705 -2161638.78 171536.772 -2532177.93
-0.000311741305 -0.000104886047 0.000191958081 1.08708364e-05 219614 1 1.30899694e-06 -0.000157868515 0.000462688321 0.000721416121 -0.000311548906 -0.000105048011 0.00019199372 -0.000154282983 0.000129878025 -2.85784639e-05 1.0102849e-08 -8.50474922e-09 1.87139178e-09 0 0 0 -0.750691748 -0.242600861 -0.506284489 -0.348256712 -3091074.09 363148.216 -2375688.98
3.01769743e-05 -2.07844664e-05 0.000192374308 1.08708364e-05 432590 1 1.30899694e-06 0.000129957007 -3.12441471e-05 0.000161443863 3.01826039e-05 -2.08261421e-05 0.000192403969 -4.51428457e-06 3.34194308e-05 -2.37850091e-05 2.95607038e-10 -2.18839083e-09 1.55750396e-09 0 0 0 0.791095017 0.18591096 0.50613047 -0.288855909 -774489.558 794873.375 69329.1056
-0.000134764415 -6.36308848e-05 0.000235416758 1.08708364e-05 248177 1 1.30899694e-06 0.000174651206 0.000397239027 0.000500536423 -0.000134797679 -6.35791631e-05 0.00023521638 2.66742069e-05 -4.14752528e-05 0.000160681405 -1.74669611e-09 2.7159069e-09 -1.05218343e-08 0 0 0 -0.468672733 -0.548084039 -0.0226018112 0.692415275 -2180426.56 1747102.19 4126668.41
0
TMIG 1
cylinder
3D-Nodes 29
1 1 0 0.0005 0 0
2 2 0 -0.0005 0 0
3 3 0 0 0.0005 0
4 4 0 0 -0.0005 0
5 5 0 0.0005 0 0.001
7 7 0 0 0.0005 0.001
8 8 0 -0.0005 0 0.001
9 9 0 0 -0.0005 0.001
10 10 0 0.000354 -0.000354 0
11 11 0 0.000354 0.000354 0
12 12 0 -0.000354 0.000354 0
13 13 0 -0.000354 -0.000354 0
14 14 0 0.000354 0.000354 0.001
15 15 0 -0.000354 0.000354 0.001
16 16 0 -0.0005 0 0.0005
17 17 0 -0.000354 -0.000354 0.001
18 18 0 0.000354 -0.000354 0.001
19 19 0 0.000462 0.000191 0.00062
20 20 0 0.000432 0.000252 0.000222
21 21 0 -0.000191 0.000462 0.00038
22 22 0 -0.000267 0.000423 0.000774
23 23 0 -0.000428 0.000259 0.000641
24 24 0 -0.000457 0.000203 0.000263
25 25 0 -0.000191 -0.000462 0.00062
26 26 0 -0.000267 -0.000423 0.000226
27 27 0 -0.000461 -0.000193 0.00075
28 28 0 -0.000428 -0.000259 0.000358
29 29 0 0.000191 -0.000462 0.00038
30 30 0 0.000252 -0.000432 0.000778
Tri3 42
0 0 19 20 3
1 0 5 19 14
2 0 11 20 1
3 0 1 19 5
4 0 1 20 19
5 0 7 19 3
6 0 3 20 11
7 0 14 19 7
8 0 21 24 23
9 0 21 23 22
10 0 8 23 16
11 0 16 24 2
12 0 23 24 16
13 0 12 21 3
14 0 12 24 21
15 0 2 24 12
16 0 15 23 8
17 0 22 23 15
18 0 7 22 15
19 0 3 21 7
20 0 21 22 7
21 0 27 28 25
22 0 25 28 26
23 0 2 28 16
24 0 16 27 8
25 0 16 28 27
26 0 17 25 9
27 0 17 27 25
28 0 8 27 17
29 0 13 28 2
30 0 26 28 13
31 0 4 26 13
32 0 9 25 4
33 0 25 26 4
34 0 5 30 29
35 0 10 29 4
36 0 9 30 18
37 0 4 29 9
38 0 29 30 9
39 0 5 29 1
40 0 1 29 10
41 0 18 30 5
