8
-0.000134231198 -6.44599751e-05 0.000238628779 1.76177553e-05 248177 1 1.30899694e-06 0.000174651206 0.000397239027 0.000500536423 -0.000134279517 -6.43848444e-05 0.000238337711 1.12193539e-22 -1.7444775e-22 6.75836978e-22 -7.3467233e-27 1.14232902e-26 -4.42555545e-26 0 0 0 -0.622433903 0.612262638 -0.293034146 -0.389668432 -2180426.56 1747102.19 4126668.41
-6.70848372e-05 0.000115568574 0.000264786692 1.76177553e-05 622953 1 1.30899694e-06 0.00021164116 -0.000430591618 0.000373267643 -6.70947233e-05 0.000115553881 0.000264804258 2.29547409e-23 3.41172926e-23 -4.07865434e-23 -1.50313585e-27 -2.23408862e-27 2.67080843e-27 0 0 0 -0.226361 -0.189359376 0.567275054 0.768832061 3625114.16 860980.766 -1501300.13
-5.96558125e-06 -0.00044045327 0.000275258212 1.76177553e-05 359441 1 1.30899694e-06 0.000338652661 -8.80559881e-05 0.000632699184 -5.94231653e-06 -0.000440412298 0.000275266868 -5.40189209e-23 -9.51352432e-23 -2.00974968e-23 3.53729875e-27 6.22970196e-27 1.31603611e-27 0 0 0 -0.369869425 0.193172314 0.774294459 -0.475761659 190264.991 -2459823.12 2904988.12
1.74620212e-05 -4.66606295e-06 0.000291318343 1.76177553e-05 571645 1 1.30899694e-06 0.000175349913 -0.00041341621 0.000781192795 1.73228221e-05 -4.59286093e-06 0.000291290856 3.23209953e-22 -1.69969608e-22 6.38246306e-23 -2.11646243e-26 1.11300499e-26 -4.17940201e-27 0 0 0 0.944659473 0.112571075 0.303657392 0.0523299246 567529.345 1438154.59 -1030861.62
0.00031375297 -0.000183613835 0.000305123844 1.76177553e-05 311758 1 1.30899694e-06 8.63909974e-05 0.000178040453 0.00042758584 0.000314079889 -0.000183714814 0.000305095114 -7.59080618e-22 2.34465693e-22 6.6709016e-23 4.97065636e-26 -1.53534204e-26 -4.36827903e-27 0 0 0 0.342125915 0.774119631 0.0937888765 0.524301728 388034.158 2599552.04 90099.3396
-0.000383526662 -0.000275007831 0.000373157429 1.76177553e-05 68909 1 1.30899694e-06 5.41029855e-05 0.000446918828 0.000457379664 -0.000383514507 -0.000275004829 0.00037316183 -2.82214395e-23 -6.97099745e-24 -1.02196958e-23 1.8480129e-27 4.56478956e-28 6.69212134e-28 0 0 0 0.745261524 0.590775793 0.28150245 0.127771646 4659143.76 1967004.02 -4357500.1
-0.000170798761 -0.000171745581 0.000431995696 1.76177553e-05 713590 1 1.30899694e-06 -2.94971713e-05 4.8911012e-05 0.000977694521 -0.00017076144 -0.000171758828 0.000431998573 -8.66564935e-23 3.07579388e-23 -6.6791225e-24 5.67449148e-27 -2.01410944e-27 4.37366228e-28 0 0 0 -0.199543816 0.679120284 0.212797639 0.673568905 2153228.02 -2173311.59 -3139707.92
0.00018010073 0.000159516481 0.000477842791 1.76177553e-05 276037 1 1.30899694e-06 -0.000434962116 5.59796445e-05 0.000783347081 0.000180110932 0.000159499208 0.000477835315 -2.36867115e-23 4.0107257e-23 1.73569905e-23 1.55106718e-27 -2.626327e-27 -1.13658066e-27 0 0 0 -0.948746997 0.222161186 0.163013883 0.154757933 2260593.52 -856665.45 5910990.59
0
TMIG 1
cylinder
3D-Nodes 29
1 1 0 0.0005 0 0
2 2 0 -0.0005 0 0
3 3 0 0 0.0005 0
4 4 0 0 -0.0005 0
5 5 0 0.0005 0 0.001
7 7 0 0 0.0005 0.001
8 8 0 -0.0005 0 0.001
9 9 0 0 -0.0005 0.001
10 10 0 0.000354 -0.000354 0
11 11 0 0.000354 0.000354 0
12 12 0 -0.000354 0.000354 0
13 13 0 -0.000354 -0.000354 0
14 14 0 0.000354 0.000354 0.001
15 15 0 -0.000354 0.000354 0.001
16 16 0 -0.0005 0 0.0005
17 17 0 -0.000354 -0.000354 0.001
18 18 0 0.000354 -0.000354 0.001
19 19 0 0.000462 0.000191 0.00062
20 20 0 0.000432 0.000252 0.000222
21 21 0 -0.000191 0.000462 0.00038
22 22 0 -0.000267 0.000423 0.000774
23 23 0 -0.000428 0.000259 0.000641
24 24 0 -0.000457 0.000203 0.000263
25 25 0 -0.000191 -0.000462 0.00062
26 26 0 -0.000267 -0.000423 0.000226
27 27 0 -0.000461 -0.000193 0.00075
28 28 0 -0.000428 -0.000259 0.000358
29 29 0 0.000191 -0.000462 0.00038
30 30 0 0.000252 -0.000432 0.000778
Tri3 42
0 0 19 20 3
1 0 5 19 14
2 0 11 20 1
3 0 1 19 5
4 0 1 20 19
5 0 7 19 3
6 0 3 20 11
7 0 14 19 7
8 0 21 24 23
9 0 21 23 22
10 0 8 23 16
11 0 16 24 2
12 0 23 24 16
13 0 12 21 3
14 0 12 24 21
15 0 2 24 12
16 0 15 23 8
17 0 22 23 15
18 0 7 22 15
19 0 3 21 7
20 0 21 22 7
21 0 27 28 25
22 0 25 28 26
23 0 2 28 16
24 0 16 27 8
25 0 16 28 27
26 0 17 25 9
27 0 17 27 25
28 0 8 27 17
29 0 13 28 2
30 0 26 28 13
31 0 4 26 13
32 0 9 25 4
33 0 25 26 4
34 0 5 30 29
35 0 10 29 4
36 0 9 30 18
37 0 4 29 9
38 0 29 30 9
39 0 5 29 1
40 0 1 29 10
41 0 18 30 5
