3
7.37795716e-05 -0.000427629738 0.000834901988 1.5114595e-05 276235 1 1.30899694e-06 -5.90883147e-06 5.69558397e-05 0.000936370428 7.38249296e-05 -0.000427627841 0.000834962673 -5.13527719e-14 -2.1477693e-15 -6.87046653e-14 3.36271242e-18 1.40641493e-19 4.49895931e-18 0 0 0 0.412679045 -0.511956581 0.0918101941 0.747774935 1789176.93 672169.396 4210303.09
-0.000287148021 0.000126817788 0.000860464397 1.5114595e-05 359759 1 1.30899694e-06 0.000147618965 9.21443311e-05 0.000466657436 -0.000287125266 0.000126744507 0.000860529904 -2.57625307e-14 8.29663098e-14 -7.4164322e-14 1.68699719e-18 -5.43284871e-18 4.85647176e-18 0 0 0 -0.718204102 0.353378434 -0.560421512 0.212683518 3888354.91 -1880963.38 -7514651.19
0.000106884438 -0.00035240436 0.000925981615 1.5114595e-05 544980 1 1.30899694e-06 -0.000181089769 -9.40148973e-05 0.000597384316 0.000106907885 -0.000352594312 0.000926013263 -2.65467708e-14 2.1505781e-13 -3.58316164e-14 1.73835126e-18 -1.4082542e-17 2.34634698e-18 0 0 0 -0.329745379 0.511988763 0.0362446266 -0.79235208 -2476451.99 82175.4051 350734.006
0
TMIG 1
cylinder
3D-Nodes 29
1 1 0 0.0005 0 0
2 2 0 -0.0005 0 0
3 3 0 0 0.0005 0
4 4 0 0 -0.0005 0
5 5 0 0.0005 0 0.001
7 7 0 0 0.0005 0.001
8 8 0 -0.0005 0 0.001
9 9 0 0 -0.0005 0.001
10 10 0 0.000354 -0.000354 0
11 11 0 0.000354 0.000354 0
12 12 0 -0.000354 0.000354 0
13 13 0 -0.000354 -0.000354 0
14 14 0 0.000354 0.000354 0.001
15 15 0 -0.000354 0.000354 0.001
16 16 0 -0.0005 0 0.0005
17 17 0 -0.000354 -0.000354 0.001
18 18 0 0.000354 -0.000354 0.001
19 19 0 0.000462 0.000191 0.00062
20 20 0 0.000432 0.000252 0.000222
21 21 0 -0.000191 0.000462 0.00038
22 22 0 -0.000267 0.000423 0.000774
23 23 0 -0.000428 0.000259 0.000641
24 24 0 -0.000457 0.000203 0.000263
25 25 0 -0.000191 -0.000462 0.00062
26 26 0 -0.000267 -0.000423 0.000226
27 27 0 -0.000461 -0.000193 0.00075
28 28 0 -0.000428 -0.000259 0.000358
29 29 0 0.000191 -0.000462 0.00038
30 30 0 0.000252 -0.000432 0.000778
Tri3 42
0 0 19 20 3
1 0 5 19 14
2 0 11 20 1
3 0 1 19 5
4 0 1 20 19
5 0 7 19 3
6 0 3 20 11
7 0 14 19 7
8 0 21 24 23
9 0 21 23 22
10 0 8 23 16
11 0 16 24 2
12 0 23 24 16
13 0 12 21 3
14 0 12 24 21
15 0 2 24 12
16 0 15 23 8
17 0 22 23 15
18 0 7 22 15
19 0 3 21 7
20 0 21 22 7
21 0 27 28 25
22 0 25 28 26
23 0 2 28 16
24 0 16 27 8
25 0 16 28 27
26 0 17 25 9
27 0 17 27 25
28 0 8 27 17
29 0 13 28 2
30 0 26 28 13
31 0 4 26 13
32 0 9 25 4
33 0 25 26 4
34 0 5 30 29
35 0 10 29 4
36 0 9 30 18
37 0 4 29 9
38 0 29 30 9
39 0 5 29 1
40 0 1 29 10
41 0 18 30 5
