11
4.859495e-05 -0.000412720173 0.000513447908 1.76177553e-05 76069 1 1.30899694e-06 0.000159464294 -0.000448816142 0.0004406818 4.85649245e-05 -0.00041275634 0.000513446412 6.97168852e-23 8.39790481e-23 3.47303764e-24 -4.56524209e-27 -5.49916543e-27 -2.27423494e-28 0 0 0 -0.930976015 -0.194434958 0.203780633 0.232276042 -1616180.58 1884395.83 3248675.74
-0.000115390964 -0.000276261213 0.000514697476 1.76177553e-05 597708 1 1.30899694e-06 0.000234784275 -0.000226970172 0.000508330062 -0.000115335557 -0.000276187683 0.000514689888 -1.28652942e-22 -1.70731326e-22 1.76175935e-23 8.42452761e-27 1.11799291e-26 -1.15364562e-27 0 0 0 0.49030219 -0.131861517 0.264624656 0.819871999 1473837.41 5809166.92 3544028.82
-0.000170043779 0.000304737237 0.000514380987 1.76177553e-05 33278 1 1.30899694e-06 -0.000424981633 -0.00022955073 0.000383808481 -0.000170148897 0.000304689687 0.000514418647 2.44076042e-22 1.10407305e-22 -8.74444673e-23 -1.59827309e-26 -7.22975608e-27 5.72609005e-27 0 0 0 0.75679134 -0.0311225697 0.54680769 -0.356790699 5522338.07 3482410.67 67102.077
5.32472383e-05 -0.00046155799 0.000528371406 1.76177553e-05 447345 1 1.30899694e-06 0.000334242272 0.000119848003 0.000340690651 5.35948472e-05 -0.000461426305 0.000528347184 -8.07121793e-22 -3.05763951e-22 5.62428264e-23 5.2852424e-26 2.00222149e-26 -3.68292584e-27 0 0 0 0.298348271 -0.640654484 0.295001437 0.643058546 -559239.881 2914887.58 -5901577.99
0.000258879258 -0.000327022442 0.000528497687 1.76177553e-05 472071 1 1.30899694e-06 0.000338291536 -0.000119669323 0.000868497176 0.000258886162 -0.000327008114 0.000528461543 -1.60298676e-23 -3.32681323e-23 8.39222978e-23 1.04967722e-27 2.17848341e-27 -5.49544927e-27 0 0 0 -0.377876337 0.424585277 0.619987091 0.540881525 4802999.97 796855.975 1869409.74
-0.000342704934 -2.11156259e-06 0.000573538227 1.76177553e-05 3917 1 1.30899694e-06 -0.000139230421 -5.91974138e-05 0.000198299265 -0.00034279882 -2.03621037e-06 0.000573533342 2.17995902e-22 -1.74962176e-22 1.13431947e-23 -1.42749359e-26 1.14569761e-26 -7.42781748e-28 0 0 0 -0.099154028 0.76996401 -0.608835536 0.163227425 -1390059.84 -4326719.29 944153.443
0.000152968068 5.6598473e-05 0.000578281182 1.76177553e-05 14223 1 1.30899694e-06 -0.000250241252 0.000100476242 0.000406735244 0.00015306614 5.65645328e-05 0.000578307866 -2.27715035e-22 7.880675e-23 -6.19595758e-23 1.49113699e-26 -5.16046996e-27 4.05727339e-27 0 0 0 0.199442261 -0.692081351 -0.660050944 0.213492247 -1025628.63 4081066.05 -2133768.7
0.000147625539 0.000145361878 0.000643088183 1.76177553e-05 549746 1 1.30899694e-06 -0.000287289222 6.19408336e-05 0.00097932592 0.000147624031 0.000145222261 0.000643106792 3.50238045e-24 3.24180711e-22 -4.32082685e-23 -2.29344937e-28 -2.1228192e-26 2.82938925e-27 0 0 0 -0.128787558 0.717771114 0.0313914404 -0.683544417 1558442.45 -1072500.5 -2124960.9
-5.08859998e-05 5.37646258e-06 0.000659408032 1.76177553e-05 440376 1 1.30899694e-06 -0.000201137695 -0.000417881411 0.000420078108 -5.09866409e-05 5.27213739e-06 0.000659412885 2.3368122e-22 2.42235258e-22 -1.12682037e-23 -1.53020511e-26 -1.58621916e-26 7.37871144e-28 0 0 0 -0.490892844 0.575830636 -0.181032205 -0.628228171 462898.543 -2590338.74 -521169.555
0.00027458319 -7.56330016e-05 0.000671635097 1.76177553e-05 376079 1 1.30899694e-06 1.13351742e-05 -1.03942035e-05 0.000991235857 0.000274733229 -7.55780924e-05 0.000671674486 -3.48379321e-22 -1.27495019e-22 -9.14569483e-23 2.28127796e-26 8.34870381e-27 5.98883769e-27 0 0 0 -0.737841033 0.571983454 0.00660840902 0.358304155 1022847.27 -306321.118 3920070.59
-8.0332377e-05 -0.000268118941 0.00070130117 1.76177553e-05 109506 1 1.30899694e-06 -0.000195018794 0.000336906238 0.000981659946 -8.03006699e-05 -0.000268117032 0.000701246337 -7.36213917e-23 -4.43198925e-24 1.27317207e-22 4.82091928e-27 2.90218127e-28 -8.33706025e-27 0 0 0 0.299633304 0.134697274 -0.272160711 0.90443633 2058490.33 -4575870.57 2479850.36
0
TMIG 1
cylinder
3D-Nodes 29
1 1 0 0.0005 0 0
2 2 0 -0.0005 0 0
3 3 0 0 0.0005 0
4 4 0 0 -0.0005 0
5 5 0 0.0005 0 0.001
7 7 0 0 0.0005 0.001
8 8 0 -0.0005 0 0.001
9 9 0 0 -0.0005 0.001
10 10 0 0.000354 -0.000354 0
11 11 0 0.000354 0.000354 0
12 12 0 -0.000354 0.000354 0
13 13 0 -0.000354 -0.000354 0
14 14 0 0.000354 0.000354 0.001
15 15 0 -0.000354 0.000354 0.001
16 16 0 -0.0005 0 0.0005
17 17 0 -0.000354 -0.000354 0.001
18 18 0 0.000354 -0.000354 0.001
19 19 0 0.000462 0.000191 0.00062
20 20 0 0.000432 0.000252 0.000222
21 21 0 -0.000191 0.000462 0.00038
22 22 0 -0.000267 0.000423 0.000774
23 23 0 -0.000428 0.000259 0.000641
24 24 0 -0.000457 0.000203 0.000263
25 25 0 -0.000191 -0.000462 0.00062
26 26 0 -0.000267 -0.000423 0.000226
27 27 0 -0.000461 -0.000193 0.00075
28 28 0 -0.000428 -0.000259 0.000358
29 29 0 0.000191 -0.000462 0.00038
30 30 0 0.000252 -0.000432 0.000778
Tri3 42
0 0 19 20 3
1 0 5 19 14
2 0 11 20 1
3 0 1 19 5
4 0 1 20 19
5 0 7 19 3
6 0 3 20 11
7 0 14 19 7
8 0 21 24 23
9 0 21 23 22
10 0 8 23 16
11 0 16 24 2
12 0 23 24 16
13 0 12 21 3
14 0 12 24 21
15 0 2 24 12
16 0 15 23 8
17 0 22 23 15
18 0 7 22 15
19 0 3 21 7
20 0 21 22 7
21 0 27 28 25
22 0 25 28 26
23 0 2 28 16
24 0 16 27 8
25 0 16 28 27
26 0 17 25 9
27 0 17 27 25
28 0 8 27 17
29 0 13 28 2
30 0 26 28 13
31 0 4 26 13
32 0 9 25 4
33 0 25 26 4
34 0 5 30 29
35 0 10 29 4
36 0 9 30 18
37 0 4 29 9
38 0 29 30 9
39 0 5 29 1
40 0 1 29 10
41 0 18 30 5
