11
4.8594935e-05 -0.000412720191 0.000513447907 1.33835043e-05 76069 1 1.30899694e-06 0.000159464294 -0.000448816142 0.0004406818 4.85649245e-05 -0.00041275634 0.000513446412 7.50638313e-10 9.04198328e-10 3.73940274e-11 -4.91537396e-14 -5.92092468e-14 -2.4486577e-15 0 0 0 0.396536259 -0.30414794 0.482164081 0.71956294 -1616180.58 1884395.83 3248675.74
-0.000115390937 -0.000276261176 0.000514697472 1.33835043e-05 597708 1 1.30899694e-06 0.000234784275 -0.000226970172 0.000508330062 -0.000115335557 -0.000276187683 0.000514689888 -1.38519997e-09 -1.83825588e-09 1.89687773e-10 9.07064791e-14 1.20373753e-13 -1.24212463e-14 0 0 0 -0.524111867 0.623715644 0.208485336 0.541127906 1473837.41 5809166.92 3544028.82
-0.000170043832 0.000304737213 0.000514381006 1.33835043e-05 33278 1 1.30899694e-06 -0.000424981633 -0.00022955073 0.000383808481 -0.000170148897 0.000304689687 0.000514418647 2.62795487e-09 1.18875008e-09 -9.41510328e-10 -1.72085287e-13 -7.78424322e-14 6.16525331e-14 0 0 0 -0.794895214 0.222728936 -0.182277608 0.534142578 5522338.07 3482410.67 67102.077
5.3247412e-05 -0.000461557924 0.000528371394 1.33835043e-05 447345 1 1.30899694e-06 0.000334242272 0.000119848003 0.000340690651 5.35948472e-05 -0.000461426305 0.000528347184 -8.6902411e-09 -3.29214559e-09 6.05563777e-10 5.6905948e-13 2.15578214e-13 -3.96538835e-14 0 0 0 0.357387259 -0.54801475 0.413525086 0.633207063 -559239.881 2914887.58 -5901577.99
0.000258879262 -0.000327022434 0.000528497669 1.33835043e-05 472071 1 1.30899694e-06 0.000338291536 -0.000119669323 0.000868497176 0.000258886162 -0.000327008114 0.000528461543 -1.72592805e-10 -3.58196363e-10 9.035873e-10 1.13018236e-14 2.3455625e-14 -5.91692351e-14 0 0 0 -0.497286243 0.326863701 0.534434723 0.600205 4802999.97 796855.975 1869409.74
-0.000342704981 -2.11152493e-06 0.000573538225 1.33835043e-05 3917 1 1.30899694e-06 -0.000139230421 -5.91974138e-05 0.000198299265 -0.00034279882 -2.03621037e-06 0.000573533342 2.34715128e-09 -1.88380924e-09 1.22131626e-10 -1.53697541e-13 1.23356705e-13 -7.99749497e-15 0 0 0 -0.38297251 0.174835518 0.153088785 0.894051689 -1390059.84 -4326719.29 944153.443
0.000152968117 5.65984561e-05 0.000578281195 1.33835043e-05 14223 1 1.30899694e-06 -0.000250241252 0.000100476242 0.000406735244 0.00015306614 5.65645328e-05 0.000578307866 -2.45179671e-09 8.48508446e-10 -6.67115741e-10 1.60549994e-13 -5.55625292e-14 4.36844654e-14 0 0 0 -0.366353336 0.703651769 0.434654972 -0.426303268 -1025628.63 4081066.05 -2133768.7
0.000147625538 0.000145361808 0.000643088192 1.33835043e-05 549746 1 1.30899694e-06 -0.000287289222 6.19408336e-05 0.00097932592 0.000147624031 0.000145222261 0.000643106792 3.77099601e-11 3.49043795e-09 -4.65221326e-10 -2.46934579e-15 -2.28562911e-13 3.04638965e-14 0 0 0 -0.867123783 0.484368863 -0.0905684519 0.0726670893 1558442.45 -1072500.5 -2124960.9
-5.08860501e-05 5.37641045e-06 0.000659408035 1.33835043e-05 440376 1 1.30899694e-06 -0.000201137695 -0.000417881411 0.000420078108 -5.09866409e-05 5.27213739e-06 0.000659412885 2.51603433e-09 2.60813524e-09 -1.21324202e-10 -1.6475644e-13 -1.70787446e-13 7.94462273e-15 0 0 0 0.600126491 -0.722361574 -0.295096815 -0.175954028 462898.543 -2590338.74 -521169.555
0.000274583265 -7.56329741e-05 0.000671635117 1.33835043e-05 376079 1 1.30899694e-06 1.13351742e-05 -1.03942035e-05 0.000991235857 0.000274733229 -7.55780924e-05 0.000671674486 -3.75098321e-09 -1.37273267e-09 -9.84712516e-10 2.45624089e-13 8.9890088e-14 6.44815242e-14 0 0 0 0.706968979 0.016192533 -0.48998652 0.509750796 1022847.27 -306321.118 3920070.59
-8.03323612e-05 -0.00026811894 0.000701301142 1.33835043e-05 109506 1 1.30899694e-06 -0.000195018794 0.000336906238 0.000981659946 -8.03006699e-05 -0.000268117032 0.000701246337 -7.92677945e-10 -4.77190128e-11 1.37081818e-09 5.19066035e-14 3.12476446e-15 -8.97647224e-14 0 0 0 -0.0993088784 -0.153170292 -0.504006136 0.844188618 2058490.33 -4575870.57 2479850.36
0
TMIG 1
cylinder
3D-Nodes 29
1 1 0 0.0005 0 0
2 2 0 -0.0005 0 0
3 3 0 0 0.0005 0
4 4 0 0 -0.0005 0
5 5 0 0.0005 0 0.001
7 7 0 0 0.0005 0.001
8 8 0 -0.0005 0 0.001
9 9 0 0 -0.0005 0.001
10 10 0 0.000354 -0.000354 0
11 11 0 0.000354 0.000354 0
12 12 0 -0.000354 0.000354 0
13 13 0 -0.000354 -0.000354 0
14 14 0 0.000354 0.000354 0.001
15 15 0 -0.000354 0.000354 0.001
16 16 0 -0.0005 0 0.0005
17 17 0 -0.000354 -0.000354 0.001
18 18 0 0.000354 -0.000354 0.001
19 19 0 0.000462 0.000191 0.00062
20 20 0 0.000432 0.000252 0.000222
21 21 0 -0.000191 0.000462 0.00038
22 22 0 -0.000267 0.000423 0.000774
23 23 0 -0.000428 0.000259 0.000641
24 24 0 -0.000457 0.000203 0.000263
25 25 0 -0.000191 -0.000462 0.00062
26 26 0 -0.000267 -0.000423 0.000226
27 27 0 -0.000461 -0.000193 0.00075
28 28 0 -0.000428 -0.000259 0.000358
29 29 0 0.000191 -0.000462 0.00038
30 30 0 0.000252 -0.000432 0.000778
Tri3 42
0 0 19 20 3
1 0 5 19 14
2 0 11 20 1
3 0 1 19 5
4 0 1 20 19
5 0 7 19 3
6 0 3 20 11
7 0 14 19 7
8 0 21 24 23
9 0 21 23 22
10 0 8 23 16
11 0 16 24 2
12 0 23 24 16
13 0 12 21 3
14 0 12 24 21
15 0 2 24 12
16 0 15 23 8
17 0 22 23 15
18 0 7 22 15
19 0 3 21 7
20 0 21 22 7
21 0 27 28 25
22 0 25 28 26
23 0 2 28 16
24 0 16 27 8
25 0 16 28 27
26 0 17 25 9
27 0 17 27 25
28 0 8 27 17
29 0 13 28 2
30 0 26 28 13
31 0 4 26 13
32 0 9 25 4
33 0 25 26 4
34 0 5 30 29
35 0 10 29 4
36 0 9 30 18
37 0 4 29 9
38 0 29 30 9
39 0 5 29 1
40 0 1 29 10
41 0 18 30 5
