7
-0.000298405255 0.000365566451 6.05740709e-05 1.76177553e-05 63916 1 1.30899694e-06 6.02922341e-06 -0.000171473607 0.000614116962 -0.000298275725 0.000365958402 6.06520794e-05 -3.00758139e-22 -9.10081355e-22 -1.81130019e-22 1.96944214e-26 5.95944827e-26 1.18608625e-26 0 0 0 0.670845656 -0.712568726 0.0888197761 -0.185264578 3306961.08 4514854.68 -380199.919
0.000113641501 -0.000445406049 9.87048628e-05 1.76177553e-05 333628 1 1.30899694e-06 1.48999389e-06 1.93521784e-05 0.000802027059 0.000113847365 -0.000445755281 9.87914229e-05 -4.78000668e-22 8.10890154e-22 -2.00986131e-22 3.13007209e-26 -5.30991861e-26 1.31610921e-26 0 0 0 0.680062145 0.282575994 -0.569426164 0.365267204 -362906.844 -468161.023 -1071643.49
0.000424474282 0.000144902727 9.64210742e-05 1.76177553e-05 444056 1 1.30899694e-06 -0.000248688298 4.05601277e-05 0.000225969475 0.00042439372 0.000144859477 9.65002848e-05 1.87059397e-22 1.00422422e-22 -1.8392106e-22 -1.22491335e-26 -6.57592014e-27 1.20436271e-26 0 0 0 -0.194886747 -0.583008048 0.021073028 0.788464774 -1722680.5 -5012485.25 -2531175.91
-0.000353101758 -9.01406801e-05 0.000129762969 1.76177553e-05 396732 1 1.30899694e-06 -3.43816055e-05 0.000430492849 0.000154373081 -0.000353300978 -9.02505253e-05 0.000129742345 4.62574049e-22 2.55052285e-22 4.78892712e-23 -3.0290546e-26 -1.67014838e-26 -3.13591343e-27 0 0 0 0.707606381 0.675963266 -0.101505328 -0.179062953 -1004502.04 1590265.71 3331666.02
4.75236864e-06 -0.000224030184 0.000151351703 1.76177553e-05 627953 1 1.30899694e-06 -0.000209151683 -1.44021605e-05 0.000430083781 4.62896423e-06 -0.000223793354 0.000151313154 2.86535761e-22 -5.49900992e-22 8.95070846e-23 -1.87631033e-26 3.60089403e-26 -5.86115557e-27 0 0 0 -0.00626833325 0.578463761 0.123931074 -0.806214285 -2161638.78 171536.772 -2532177.93
-0.000314825421 -0.000102289785 0.000191386798 1.76177553e-05 219614 1 1.30899694e-06 -0.000157868515 0.000462688321 0.000721416121 -0.000314545944 -0.000102525054 0.000191438566 -6.48924777e-22 5.46275856e-22 -1.20202974e-22 4.2493274e-26 -3.57715569e-26 7.87120184e-27 0 0 0 -0.596890272 0.151802007 -0.362627922 0.699413429 -3091074.09 363148.216 -2375688.98
3.00867338e-05 -2.0116412e-05 0.000191898846 1.76177553e-05 432590 1 1.30899694e-06 0.000129957007 -3.12441471e-05 0.000161443863 3.00949112e-05 -2.01769499e-05 0.000191941932 -1.89873897e-23 1.40564412e-22 -1.00041375e-22 1.24334342e-27 -9.2045215e-27 6.55096817e-27 0 0 0 0.275541445 -0.541799081 0.59753729 -0.522953014 -774489.558 794873.375 69329.1056
0
TMIG 1
cylinder
3D-Nodes 29
1 1 0 0.0005 0 0
2 2 0 -0.0005 0 0
3 3 0 0 0.0005 0
4 4 0 0 -0.0005 0
5 5 0 0.0005 0 0.001
7 7 0 0 0.0005 0.001
8 8 0 -0.0005 0 0.001
9 9 0 0 -0.0005 0.001
10 10 0 0.000354 -0.000354 0
11 11 0 0.000354 0.000354 0
12 12 0 -0.000354 0.000354 0
13 13 0 -0.000354 -0.000354 0
14 14 0 0.000354 0.000354 0.001
15 15 0 -0.000354 0.000354 0.001
16 16 0 -0.0005 0 0.0005
17 17 0 -0.000354 -0.000354 0.001
18 18 0 0.000354 -0.000354 0.001
19 19 0 0.000462 0.000191 0.00062
20 20 0 0.000432 0.000252 0.000222
21 21 0 -0.000191 0.000462 0.00038
22 22 0 -0.000267 0.000423 0.000774
23 23 0 -0.000428 0.000259 0.000641
24 24 0 -0.000457 0.000203 0.000263
25 25 0 -0.000191 -0.000462 0.00062
26 26 0 -0.000267 -0.000423 0.000226
27 27 0 -0.000461 -0.000193 0.00075
28 28 0 -0.000428 -0.000259 0.000358
29 29 0 0.000191 -0.000462 0.00038
30 30 0 0.000252 -0.000432 0.000778
Tri3 42
0 0 19 20 3
1 0 5 19 14
2 0 11 20 1
3 0 1 19 5
4 0 1 20 19
5 0 7 19 3
6 0 3 20 11
7 0 14 19 7
8 0 21 24 23
9 0 21 23 22
10 0 8 23 16
11 0 16 24 2
12 0 23 24 16
13 0 12 21 3
14 0 12 24 21
15 0 2 24 12
16 0 15 23 8
17 0 22 23 15
18 0 7 22 15
19 0 3 21 7
20 0 21 22 7
21 0 27 28 25
22 0 25 28 26
23 0 2 28 16
24 0 16 27 8
25 0 16 28 27
26 0 17 25 9
27 0 17 27 25
28 0 8 27 17
29 0 13 28 2
30 0 26 28 13
31 0 4 26 13
32 0 9 25 4
33 0 25 26 4
34 0 5 30 29
35 0 10 29 4
36 0 9 30 18
37 0 4 29 9
38 0 29 30 9
39 0 5 29 1
40 0 1 29 10
41 0 18 30 5
