11
4.859495e-05 -0.000412720173 0.000513447908 1.5114595e-05 76069 1 1.30899694e-06 0.000159464294 -0.000448816142 0.0004406818 4.85649245e-05 -0.00041275634 0.000513446412 3.39938075e-14 4.09480083e-14 1.69344589e-15 -2.2260025e-18 -2.68138156e-18 -1.1089122e-19 0 0 0 -0.791583342 0.164220067 -0.311263841 -0.499542194 -1616180.58 1884395.83 3248675.74
-0.000115390964 -0.000276261213 0.000514697476 1.5114595e-05 597708 1 1.30899694e-06 0.000234784275 -0.000226970172 0.000508330062 -0.000115335557 -0.000276187683 0.000514689888 -6.27309054e-14 -8.32482375e-14 8.59030177e-15 4.10778205e-18 5.45131006e-18 -5.62515194e-19 0 0 0 0.756431118 -0.650610943 -0.0468804706 -0.0481620785 1473837.41 5809166.92 3544028.82
-0.000170043779 0.000304737237 0.000514380987 1.5114595e-05 33278 1 1.30899694e-06 -0.000424981633 -0.00022955073 0.000383808481 -0.000170148897 0.000304689687 0.000514418647 1.19010968e-13 5.3834371e-14 -4.26377394e-14 -7.79314619e-18 -3.52521395e-18 2.79202953e-18 0 0 0 0.800382588 -0.162072854 0.311844743 -0.485667539 5522338.07 3482410.67 67102.077
5.32472383e-05 -0.00046155799 0.000528371406 1.5114595e-05 447345 1 1.30899694e-06 0.000334242272 0.000119848003 0.000340690651 5.35948472e-05 -0.000461426305 0.000528347184 -3.93550899e-13 -1.49089863e-13 2.74238846e-14 2.57707314e-17 9.76279012e-18 -1.79578694e-18 0 0 0 -0.477330141 -0.218990863 -0.812978306 -0.251525768 -559239.881 2914887.58 -5901577.99
0.000258879258 -0.000327022442 0.000528497687 1.5114595e-05 472071 1 1.30899694e-06 0.000338291536 -0.000119669323 0.000868497176 0.000258886162 -0.000327008114 0.000528461543 -7.81612991e-15 -1.62214718e-14 4.09203369e-14 5.11820416e-19 1.06222396e-18 -2.67956957e-18 0 0 0 -0.459203992 0.360872328 0.565170222 0.582653822 4802999.97 796855.975 1869409.74
-0.000342704934 -2.11156259e-06 0.000573538227 1.5114595e-05 3917 1 1.30899694e-06 -0.000139230421 -5.91974138e-05 0.000198299265 -0.00034279882 -2.03621037e-06 0.000573533342 1.06294346e-13 -8.53111913e-14 5.53091802e-15 -6.96042891e-18 5.58639761e-18 -3.62178827e-19 0 0 0 -0.350922249 0.482296247 -0.147936291 0.788897179 -1390059.84 -4326719.29 944153.443
0.000152968068 5.6598473e-05 0.000578281182 1.5114595e-05 14223 1 1.30899694e-06 -0.000250241252 0.000100476242 0.000406735244 0.00015306614 5.65645328e-05 0.000578307866 -1.11033375e-13 3.84260065e-14 -3.02113596e-14 7.27075277e-18 -2.51623436e-18 1.97831802e-18 0 0 0 -0.552376092 0.3470089 -0.322907207 -0.685708693 -1025628.63 4081066.05 -2133768.7
0.000147625539 0.000145361878 0.000643088183 1.5114595e-05 549746 1 1.30899694e-06 -0.000287289222 6.19408336e-05 0.00097932592 0.000147624031 0.000145222261 0.000643106792 1.70775339e-15 1.58069837e-13 -2.10682614e-14 -1.11828112e-19 -1.0350822e-17 1.37960428e-18 0 0 0 0.834245029 -0.0307235777 0.117357733 -0.53788331 1558442.45 -1072500.5 -2124960.9
-5.08859998e-05 5.37646258e-06 0.000659408032 1.5114595e-05 440376 1 1.30899694e-06 -0.000201137695 -0.000417881411 0.000420078108 -5.09866409e-05 5.27213739e-06 0.000659412885 1.13942474e-13 1.18113405e-13 -5.49435257e-15 -7.46124812e-18 -7.73437148e-18 3.59784427e-19 0 0 0 0.324902542 -0.402879573 -0.491000432 -0.700746005 462898.543 -2590338.74 -521169.555
0.00027458319 -7.56330016e-05 0.000671635097 1.5114595e-05 376079 1 1.30899694e-06 1.13351742e-05 -1.03942035e-05 0.000991235857 0.000274733229 -7.55780924e-05 0.000671674486 -1.69869028e-13 -6.21663045e-14 -4.45942168e-14 1.11234636e-17 4.07081052e-18 2.92014473e-18 0 0 0 -0.860869102 0.229479622 0.383046578 -0.243964774 1022847.27 -306321.118 3920070.59
-8.0332377e-05 -0.000268118941 0.00070130117 1.5114595e-05 109506 1 1.30899694e-06 -0.000195018794 0.000336906238 0.000981659946 -8.03006699e-05 -0.000268117032 0.000701246337 -3.58976366e-14 -2.16102869e-15 6.2079604e-14 2.35067016e-18 1.41509752e-19 -4.06513315e-18 0 0 0 -0.655255591 -0.423856036 -0.112727119 -0.615043712 2058490.33 -4575870.57 2479850.36
0
TMIG 1
cylinder
3D-Nodes 29
1 1 0 0.0005 0 0
2 2 0 -0.0005 0 0
3 3 0 0 0.0005 0
4 4 0 0 -0.0005 0
5 5 0 0.0005 0 0.001
7 7 0 0 0.0005 0.001
8 8 0 -0.0005 0 0.001
9 9 0 0 -0.0005 0.001
10 10 0 0.000354 -0.000354 0
11 11 0 0.000354 0.000354 0
12 12 0 -0.000354 0.000354 0
13 13 0 -0.000354 -0.000354 0
14 14 0 0.000354 0.000354 0.001
15 15 0 -0.000354 0.000354 0.001
16 16 0 -0.0005 0 0.0005
17 17 0 -0.000354 -0.000354 0.001
18 18 0 0.000354 -0.000354 0.001
19 19 0 0.000462 0.000191 0.00062
20 20 0 0.000432 0.000252 0.000222
21 21 0 -0.000191 0.000462 0.00038
22 22 0 -0.000267 0.000423 0.000774
23 23 0 -0.000428 0.000259 0.000641
24 24 0 -0.000457 0.000203 0.000263
25 25 0 -0.000191 -0.000462 0.00062
26 26 0 -0.000267 -0.000423 0.000226
27 27 0 -0.000461 -0.000193 0.00075
28 28 0 -0.000428 -0.000259 0.000358
29 29 0 0.000191 -0.000462 0.00038
30 30 0 0.000252 -0.000432 0.000778
Tri3 42
0 0 19 20 3
1 0 5 19 14
2 0 11 20 1
3 0 1 19 5
4 0 1 20 19
5 0 7 19 3
6 0 3 20 11
7 0 14 19 7
8 0 21 24 23
9 0 21 23 22
10 0 8 23 16
11 0 16 24 2
12 0 23 24 16
13 0 12 21 3
14 0 12 24 21
15 0 2 24 12
16 0 15 23 8
17 0 22 23 15
18 0 7 22 15
19 0 3 21 7
20 0 21 22 7
21 0 27 28 25
22 0 25 28 26
23 0 2 28 16
24 0 16 27 8
25 0 16 28 27
26 0 17 25 9
27 0 17 27 25
28 0 8 27 17
29 0 13 28 2
30 0 26 28 13
31 0 4 26 13
32 0 9 25 4
33 0 25 26 4
34 0 5 30 29
35 0 10 29 4
36 0 9 30 18
37 0 4 29 9
38 0 29 30 9
39 0 5 29 1
40 0 1 29 10
41 0 18 30 5
