7
-0.000298405255 0.000365566451 6.05740709e-05 1.5114595e-05 63916 1 1.30899694e-06 6.02922341e-06 -0.000171473607 0.000614116962 -0.000298275725 0.000365958402 6.06520794e-05 -1.4664904e-13 -4.43753766e-13 -8.83186186e-14 9.60295869e-18 2.90581451e-17 5.78333174e-18 0 0 0 0.304296253 -0.71053439 -0.374759327 -0.511957144 3306961.08 4514854.68 -380199.919
0.000113641501 -0.000445406049 9.87048628e-05 1.5114595e-05 333628 1 1.30899694e-06 1.48999389e-06 1.93521784e-05 0.000802027059 0.000113847365 -0.000445755281 9.87914229e-05 -2.33072126e-13 3.95388344e-13 -9.80004173e-14 1.52621661e-17 -2.58910521e-17 6.41732097e-18 0 0 0 -0.237576415 0.815300619 0.441766367 0.289283297 -362906.844 -468161.023 -1071643.49
0.000424474282 0.000144902727 9.64210742e-05 1.5114595e-05 444056 1 1.30899694e-06 -0.000248688298 4.05601277e-05 0.000225969475 0.00042439372 0.000144859477 9.65002848e-05 9.12097708e-14 4.89657632e-14 -8.96795243e-14 -5.97265186e-18 -3.20640491e-18 5.87244737e-18 0 0 0 -0.0996871905 0.781451596 -0.609026421 0.092101491 -1722680.5 -5012485.25 -2531175.91
-0.000353101758 -9.01406801e-05 0.000129762969 1.5114595e-05 396732 1 1.30899694e-06 -3.43816055e-05 0.000430492849 0.000154373081 -0.000353300978 -9.02505253e-05 0.000129742345 2.25550139e-13 1.24362961e-13 2.33507085e-14 -1.47696069e-17 -8.14360856e-18 -1.52906483e-18 0 0 0 -0.674466463 -0.687764723 0.169614369 0.208100079 -1004502.04 1590265.71 3331666.02
4.75236864e-06 -0.000224030184 0.000151351703 1.5114595e-05 627953 1 1.30899694e-06 -0.000209151683 -1.44021605e-05 0.000430083781 4.62896423e-06 -0.000223793354 0.000151313154 1.39714238e-13 -2.68130574e-13 4.36434673e-14 -9.14884992e-18 1.7557884e-17 -2.8578872e-18 0 0 0 -0.0478383108 -0.551548057 -0.333960259 0.762874028 -2161638.78 171536.772 -2532177.93
-0.000314825421 -0.000102289785 0.000191386798 1.5114595e-05 219614 1 1.30899694e-06 -0.000157868515 0.000462688321 0.000721416121 -0.000314545944 -0.000102525054 0.000191438566 -3.16414365e-13 2.66362965e-13 -5.86107187e-14 2.07196315e-17 -1.74421364e-17 3.83798156e-18 0 0 0 -0.819726581 -0.0552324333 -0.528554544 0.213606661 -3091074.09 363148.216 -2375688.98
3.00867338e-05 -2.0116412e-05 0.000191898846 1.5114595e-05 432590 1 1.30899694e-06 0.000129957007 -3.12441471e-05 0.000161443863 3.00949112e-05 -2.01769499e-05 0.000191941932 -9.2582115e-15 6.85389133e-14 -4.87799653e-14 6.06251652e-19 -4.48810544e-18 3.19423838e-18 0 0 0 0.601795402 -0.200791781 0.622688429 -0.458021917 -774489.558 794873.375 69329.1056
0
TMIG 1
cylinder
3D-Nodes 29
1 1 0 0.0005 0 0
2 2 0 -0.0005 0 0
3 3 0 0 0.0005 0
4 4 0 0 -0.0005 0
5 5 0 0.0005 0 0.001
7 7 0 0 0.0005 0.001
8 8 0 -0.0005 0 0.001
9 9 0 0 -0.0005 0.001
10 10 0 0.000354 -0.000354 0
11 11 0 0.000354 0.000354 0
12 12 0 -0.000354 0.000354 0
13 13 0 -0.000354 -0.000354 0
14 14 0 0.000354 0.000354 0.001
15 15 0 -0.000354 0.000354 0.001
16 16 0 -0.0005 0 0.0005
17 17 0 -0.000354 -0.000354 0.001
18 18 0 0.000354 -0.000354 0.001
19 19 0 0.000462 0.000191 0.00062
20 20 0 0.000432 0.000252 0.000222
21 21 0 -0.000191 0.000462 0.00038
22 22 0 -0.000267 0.000423 0.000774
23 23 0 -0.000428 0.000259 0.000641
24 24 0 -0.000457 0.000203 0.000263
25 25 0 -0.000191 -0.000462 0.00062
26 26 0 -0.000267 -0.000423 0.000226
27 27 0 -0.000461 -0.000193 0.00075
28 28 0 -0.000428 -0.000259 0.000358
29 29 0 0.000191 -0.000462 0.00038
30 30 0 0.000252 -0.000432 0.000778
Tri3 42
0 0 19 20 3
1 0 5 19 14
2 0 11 20 1
3 0 1 19 5
4 0 1 20 19
5 0 7 19 3
6 0 3 20 11
7 0 14 19 7
8 0 21 24 23
9 0 21 23 22
10 0 8 23 16
11 0 16 24 2
12 0 23 24 16
13 0 12 21 3
14 0 12 24 21
15 0 2 24 12
16 0 15 23 8
17 0 22 23 15
18 0 7 22 15
19 0 3 21 7
20 0 21 22 7
21 0 27 28 25
22 0 25 28 26
23 0 2 28 16
24 0 16 27 8
25 0 16 28 27
26 0 17 25 9
27 0 17 27 25
28 0 8 27 17
29 0 13 28 2
30 0 26 28 13
31 0 4 26 13
32 0 9 25 4
33 0 25 26 4
34 0 5 30 29
35 0 10 29 4
36 0 9 30 18
37 0 4 29 9
38 0 29 30 9
39 0 5 29 1
40 0 1 29 10
41 0 18 30 5
